sim:
  model: drone_6dof
  initial_state: [10, 0, 2, 0, 0, 0, 1, 0, 0, 0, 0, 0, 0]
  initial_control: [0, 0, 15, 0, 0, 0, 1]
  final_state: [-10, 0, 2, 0, 0, 0, 1, 0, 0, 0, 0, 0, 0]
  max_state: [200.0, 100.0, 50.0, 100.0, 100.0, 100.0, 1.0, 1.0, 1.0, 1.0, 10.0, 10.0,
    10.0, 0.0001]
  min_state: [-10, -100, -10, -100, -100, -100, -1, -1, -1, -1, -10, -10, -10, 0]
  max_control: [0.0, 0.0, 41.00036788908, 18.665, 18.665, 0.55562, 120.0]
  min_control: [0.0, 0.0, 0.0, -18.665, -18.665, -0.55562, 12.0]
  total_time: 40
scp:
  n: 5
  ctcs: false
  fixed_final_time: true
  free_final_drop: 5
  min_time_relax: 0.8
  w_tr_adapt: 1.0
  defect_min: 10000.0
  w_tr_max: 125.0
  w_tr: 25.0
  lam_o: 0.0
  lam_vp: 100.0
  lam_min: 1.0
  lam_max: 1.0
  lam_fuel: 0.1
  lam_t: 1.0
  lam_vc: 10.0
  lam_vc_ctcs: 0.0
  ep_tr: 0.0001
  ep_vb: 0.0001
  ep_vc: 1.0e-08
  ep_vc_ctcs: 1.0e-08
vp:
  n_subs: 1
  R_sb:
  - [0, 1, 0]
  - [0, 0, 1]
  - [1, 0, 0]
  tracking: true
  norm: inf
  alpha_x: 6
  alpha_y: 8
  min_range: 4
  max_range: 12
